uguzi: 360313.4089497288
FTUV: 39356
sefokg: 165823.83614222892
wnuze: 265555.6603445757
YYAPO: 231607
hciwudc: 453250.6967828696
QBAZ: 129100
hluloq: 353517.7131830936
