karawlx: 416768.31431540556
pjixe: 719438.2631526549
VYOZ: 425756
QLAWA: 94766
IKOHO: 540706
oqacafk: 14411.712734286828
KMUHUT: 403131
xfemofu: 705554.8630215192
