crim: 631135.8699417035
BROGAK: 226122
wovatuv: 101098.30810908142
WBOV: 236023
rojasji: 268380.2915274529
ypeyot: 78621.3964063732
PVUTABO: 302093
hweyem: 511405.02355301863
