XTOD: 516
itevip: 59232.75941480674
djep: 2500.964392928997
FNACO: 13176
noboqy: 1448.9596593925567
QEGIXVN: 185571
BNIWE: 20686
YFUSU: 1032
